20 20
b 0 0 0 0 4 0
W 1 0 9 5 4 0
m 2 1 0 0 4 0
W 6 1 9 5 4 0
O 13 1 4 4 4 0
O 18 1 4 4 3 0
O 4 2 4 4 4 0
O 18 2 4 4 4 0
W 9 3 9 5 4 0
O 18 3 4 4 1 0
O 19 3 4 4 0 0
O 3 4 4 4 4 0
O 17 4 4 4 2 0
O 18 4 4 4 4 0
O 19 4 4 4 0 0
W 7 5 9 5 4 0
O 19 5 4 4 0 0
m 4 6 0 0 0 0
O 17 6 4 4 1 0
m 2 7 0 0 1 0
m 3 7 0 0 4 0
m 3 8 0 0 3 0
m 4 8 0 0 4 0
t 15 8 0 0 4 0
m 2 9 0 0 1 0
t 15 9 0 0 4 0
S 2 10 1 1 4 0
t 16 10 0 0 3 0
S 8 11 1 1 4 0
m 18 11 0 0 1 0
m 18 12 0 0 4 0
m 19 12 0 0 1 0
t 4 13 0 0 4 0
b 14 13 0 0 3 0
t 3 14 0 0 4 0
b 15 14 0 0 2 0
b 6 16 0 0 4 0
W 12 16 9 5 4 0
S 1 17 1 1 4 0
B 8 18 3 1 4 0
